0.3002 0.2623 0.1733 0.2642
0.3142 0.2279 0.2689 0.1891
0.1780 0.2830 0.3098 0.2291
0.3416 0.2441 0.2176 0.1967
0.2309 0.2486 0.3007 0.2198
0.2086 0.3959 0.2000 0.1955
0.2841 0.1711 0.3425 0.2023
0.1923 0.3253 0.1704 0.3120
0.0255 0.0626 0.0736 0.8383
0.0025 0.9193 0.0025 0.0758
0.9939 0.0020 0.0020 0.0020
0.0613 0.0457 0.7761 0.1169
0.0671 0.0027 0.0028 0.9274
0.1037 0.2863 0.0928 0.5172
0.1865 0.2960 0.2126 0.3049
0.1929 0.1274 0.4609 0.2188
0.2600 0.3747 0.1125 0.2528
0.3057 0.1779 0.1834 0.3330
0.2811 0.1411 0.1998 0.3779
0.1307 0.3487 0.1690 0.3516
0.2292 0.2735 0.2981 0.1992
0.5035 0.0777 0.2976 0.1211
0.4415 0.1164 0.3080 0.1341
0.3813 0.4494 0.0549 0.1143
0.2624 0.1760 0.3057 0.2559
0.1497 0.4240 0.1693 0.2570
0.0120 0.1185 0.1262 0.7432
0.0251 0.6638 0.1471 0.1641
0.2698 0.0618 0.6187 0.0497
0.4967 0.1611 0.0797 0.2626
0.3754 0.4282 0.1364 0.0600
0.0539 0.0910 0.7707 0.0844
0.1683 0.6037 0.0331 0.1949
0.0510 0.0135 0.9116 0.0238
0.5356 0.1088 0.0148 0.3407
0.2614 0.0137 0.4670 0.2580
0.0626 0.8269 0.0161 0.0944
0.3265 0.0211 0.6015 0.0509
0.0035 0.2258 0.6888 0.0819
0.3196 0.0147 0.0409 0.6249
0.1834 0.0515 0.1297 0.6355
0.0567 0.7309 0.1444 0.0679
0.1967 0.0475 0.4766 0.2792
0.1820 0.4393 0.1833 0.1954
0.2266 0.2238 0.2139 0.3356
0.2783 0.2168 0.2437 0.2612
0.3036 0.1990 0.2428 0.2545
0.3439 0.2760 0.2096 0.1705
0.3126 0.1954 0.2422 0.2498
0.3239 0.3392 0.2171 0.1199
0.3801 0.1559 0.2758 0.1882
