0.2794 0.3042 0.2657 0.1507
0.2225 0.2898 0.3533 0.1344
0.2678 0.3913 0.2644 0.0765
0.2025 0.2408 0.1730 0.3838
0.3540 0.2402 0.2789 0.1270
0.0289 0.5925 0.0282 0.3504
0.0168 0.0021 0.9752 0.0059
0.0055 0.0023 0.9781 0.0141
0.0050 0.1486 0.0696 0.7768
0.0023 0.9879 0.0023 0.0076
0.9913 0.0029 0.0030 0.0029
0.0023 0.9255 0.0087 0.0635
0.8435 0.0058 0.0029 0.1479
0.0029 0.9367 0.0024 0.0580
0.0354 0.1000 0.0082 0.8564
0.2101 0.0488 0.6220 0.1190
0.2325 0.3013 0.2590 0.2071
0.2342 0.2873 0.1991 0.2794
0.2154 0.3028 0.2266 0.2552
0.2009 0.3245 0.2640 0.2107
0.2208 0.2380 0.3124 0.2288
0.2505 0.2581 0.2432 0.2482
0.3121 0.2087 0.2529 0.2263
0.2108 0.2996 0.3019 0.1877
0.2542 0.2360 0.2829 0.2269
0.2156 0.2512 0.2295 0.3037
0.2432 0.2384 0.2492 0.2692
0.2635 0.2149 0.2026 0.3189
0.2779 0.1791 0.2535 0.2895
0.3734 0.1659 0.1884 0.2724
0.3282 0.1663 0.2195 0.2860
0.3213 0.1931 0.2272 0.2585
0.3653 0.1701 0.2300 0.2346
0.4135 0.1163 0.2272 0.2431
0.3491 0.1748 0.1869 0.2892
0.2647 0.1863 0.2330 0.3161
0.2841 0.2315 0.1948 0.2896
0.2437 0.1532 0.3123 0.2908
0.2059 0.2296 0.3479 0.2166
0.2675 0.2028 0.2929 0.2369
0.2335 0.2359 0.2658 0.2648
0.2718 0.2613 0.2278 0.2391
0.3445 0.1557 0.2375 0.2623
0.3139 0.1715 0.2504 0.2642
0.3005 0.1422 0.1713 0.3860
0.2763 0.1704 0.1834 0.3699
0.2597 0.1646 0.1913 0.3844
0.2745 0.1450 0.1945 0.3860
0.2991 0.1873 0.1886 0.3251
0.2602 0.1416 0.2633 0.3348
0.2443 0.2049 0.2549 0.2959
