0.1888 0.2861 0.2204 0.3047
0.1902 0.3070 0.1939 0.3089
0.2290 0.2447 0.2263 0.3000
0.2171 0.2769 0.2060 0.2999
0.2442 0.2872 0.1844 0.2842
0.2076 0.2355 0.1730 0.3838
0.3004 0.2612 0.1854 0.2531
0.1478 0.2555 0.2962 0.3005
0.1202 0.2724 0.2183 0.3891
0.0356 0.4810 0.0451 0.4383
0.7359 0.0610 0.1976 0.0055
0.3092 0.1392 0.2180 0.3336
0.3991 0.1763 0.1155 0.3090
0.3287 0.1973 0.1926 0.2813
0.2818 0.2112 0.1647 0.3423
0.2680 0.2225 0.2412 0.2683
0.3625 0.2210 0.1326 0.2839
0.2806 0.2338 0.2393 0.2463
0.3172 0.2580 0.2809 0.1439
0.2764 0.2920 0.1446 0.2870
0.2378 0.1499 0.3101 0.3022
0.2423 0.1489 0.4310 0.1778
0.2948 0.3771 0.1127 0.2154
0.3267 0.1307 0.3028 0.2398
0.2571 0.0900 0.5485 0.1045
0.2224 0.4883 0.0505 0.2387
0.2572 0.1799 0.2992 0.2637
0.2987 0.0786 0.5908 0.0319
0.2309 0.5332 0.0660 0.1699
0.2204 0.2030 0.3124 0.2642
0.2851 0.0440 0.5404 0.1304
0.1304 0.5295 0.0907 0.2494
0.2929 0.1014 0.3004 0.3053
0.1106 0.0566 0.7229 0.1099
0.1803 0.5800 0.0432 0.1965
0.2312 0.1405 0.3144 0.3139
0.1583 0.0389 0.7355 0.0673
0.1056 0.6741 0.0274 0.1929
0.3332 0.1118 0.2476 0.3073
0.1607 0.0526 0.7128 0.0739
0.1588 0.6338 0.0487 0.1587
0.3672 0.1521 0.1798 0.3009
0.1430 0.0822 0.5658 0.2090
0.1272 0.5301 0.0881 0.2546
0.2927 0.1186 0.2296 0.3592
0.1912 0.1723 0.4394 0.1972
0.1479 0.4534 0.1275 0.2712
0.2577 0.2110 0.2371 0.2942
0.2274 0.1447 0.4527 0.1752
0.1641 0.4224 0.1596 0.2539
0.3164 0.1630 0.2310 0.2896
