0.1784 0.2685 0.2547 0.2984
0.2100 0.2494 0.2363 0.3043
0.2540 0.2516 0.2102 0.2842
0.2006 0.2703 0.2246 0.3045
0.1993 0.2866 0.2367 0.2774
0.2214 0.2909 0.1670 0.3208
0.2059 0.2959 0.2185 0.2796
0.2192 0.2128 0.3238 0.2442
0.1465 0.2689 0.1927 0.3918
0.0790 0.4608 0.0345 0.4257
0.7080 0.0578 0.2187 0.0156
0.2005 0.1652 0.2095 0.4248
0.3334 0.1360 0.1164 0.4142
0.2489 0.1857 0.2282 0.3372
0.2225 0.2946 0.1645 0.3184
0.3034 0.2021 0.1694 0.3251
0.2018 0.2208 0.3757 0.2017
0.2811 0.3509 0.1370 0.2310
0.2548 0.1874 0.2316 0.3262
0.2011 0.1556 0.4252 0.2181
0.2023 0.4048 0.0729 0.3200
0.2545 0.1091 0.2900 0.3464
0.1933 0.1453 0.5231 0.1383
0.1837 0.5100 0.0434 0.2629
0.2632 0.1340 0.2874 0.3154
0.1593 0.1291 0.6516 0.0600
0.1705 0.5687 0.0315 0.2292
0.2528 0.1047 0.3182 0.3243
0.1849 0.1015 0.5995 0.1142
0.2789 0.4918 0.0235 0.2059
0.2838 0.1464 0.3321 0.2377
0.2087 0.1063 0.6368 0.0483
0.2469 0.4905 0.0571 0.2054
0.3207 0.1045 0.3256 0.2492
0.1935 0.0718 0.6429 0.0917
0.3094 0.4982 0.0344 0.1580
0.3577 0.0837 0.3294 0.2292
0.1723 0.1284 0.6502 0.0491
0.2689 0.5123 0.0594 0.1593
0.3859 0.1140 0.2137 0.2863
0.1713 0.1359 0.5934 0.0993
0.1818 0.5544 0.0660 0.1978
0.3200 0.1314 0.2200 0.3286
0.1940 0.1683 0.4587 0.1789
0.2580 0.4619 0.1350 0.1450
0.3463 0.1277 0.2521 0.2740
0.2660 0.1765 0.3734 0.1841
0.2519 0.3477 0.1596 0.2408
0.2815 0.1794 0.2605 0.2786
0.2164 0.2333 0.3312 0.2190
0.2523 0.3035 0.1820 0.2623
