0.2056 0.3118 0.1753 0.3074
0.2091 0.2442 0.2610 0.2857
0.2438 0.2805 0.2630 0.2127
0.2332 0.3363 0.1842 0.2463
0.2247 0.2207 0.2221 0.3325
0.1658 0.2824 0.3214 0.2304
0.2997 0.3329 0.1256 0.2419
0.2213 0.1590 0.2443 0.3754
0.0963 0.2452 0.2746 0.3839
0.0780 0.4445 0.0475 0.4300
0.7554 0.0477 0.1825 0.0144
0.1344 0.1257 0.3230 0.4168
0.2711 0.2002 0.0800 0.4487
0.3379 0.1563 0.1418 0.3639
0.2066 0.1993 0.3138 0.2804
0.2296 0.3628 0.0912 0.3164
0.3103 0.1092 0.2430 0.3374
0.2454 0.1426 0.4598 0.1522
0.1652 0.4502 0.1030 0.2816
0.3171 0.1175 0.2144 0.3510
0.1663 0.1452 0.5695 0.1190
0.2136 0.5334 0.0532 0.1998
0.3159 0.1094 0.2612 0.3135
0.2476 0.0642 0.5440 0.1441
0.2222 0.5334 0.0469 0.1975
0.2657 0.1240 0.3157 0.2946
0.2248 0.0914 0.6036 0.0802
0.1627 0.5820 0.0440 0.2112
0.3180 0.1291 0.3098 0.2431
0.1914 0.0673 0.6927 0.0487
0.2173 0.5656 0.0274 0.1898
0.2549 0.0811 0.3387 0.3254
0.1614 0.0596 0.6390 0.1401
0.2094 0.5544 0.0175 0.2187
0.3305 0.1000 0.3179 0.2516
0.1701 0.0650 0.7213 0.0435
0.1840 0.5804 0.0507 0.1848
0.3715 0.0833 0.2554 0.2898
0.1450 0.0573 0.7464 0.0513
0.1531 0.6020 0.0642 0.1807
0.4491 0.1335 0.1997 0.2178
0.1627 0.1174 0.6038 0.1162
0.1928 0.5440 0.1061 0.1571
0.3088 0.1350 0.2260 0.3302
0.2443 0.1095 0.4285 0.2177
0.2639 0.4197 0.1212 0.1953
0.3543 0.1664 0.1707 0.3087
0.2535 0.1875 0.3981 0.1609
0.1412 0.4729 0.1298 0.2561
0.3072 0.1689 0.2019 0.3220
0.2280 0.1488 0.3612 0.2620
