 0.1597 0.4222 0.2273 0.1908
 0.1572 0.2341 0.3330 0.2756
 0.0982 0.3586 0.1740 0.3692
 0.1750 0.3985 0.2031 0.2235
 0.2338 0.2095 0.3611 0.1956
 0.2860 0.1888 0.2970 0.2282
 0.2730 0.3386 0.2047 0.1837
 0.1460 0.3764 0.3498 0.1279
 0.2331 0.3203 0.2310 0.2156
 0.2312 0.1704 0.4122 0.1863
 0.2986 0.1971 0.2115 0.2928
 0.3739 0.1383 0.2165 0.2713
 0.1116 0.4522 0.2406 0.1957
 0.3986 0.0324 0.5315 0.0375
 0.0670 0.2902 0.4112 0.2316
