 0.1556 0.4071 0.2630 0.1744
 0.1117 0.3972 0.2625 0.2286
 0.1071 0.3606 0.1730 0.3593
 0.1712 0.3958 0.1509 0.2821
 0.2804 0.2495 0.3013 0.1688
 0.3373 0.1988 0.1803 0.2836
 0.1371 0.2472 0.5261 0.0896
 0.0668 0.6281 0.1214 0.1837
 0.1265 0.5295 0.0628 0.2812
 0.2798 0.1148 0.4239 0.1815
 0.3456 0.1358 0.2037 0.3150
 0.2652 0.2333 0.3337 0.1677
 0.2570 0.3516 0.0846 0.3068
 0.4197 0.0667 0.3919 0.1216
 0.1479 0.2000 0.4748 0.1773
