0.2793 0.2418 0.2193 0.2596
0.2504 0.2474 0.2276 0.2746
0.2283 0.2542 0.2347 0.2827
0.2368 0.2606 0.2444 0.2582
0.2501 0.2609 0.2664 0.2226
0.2829 0.2729 0.2423 0.2019
0.3211 0.2029 0.2459 0.2301
0.2158 0.2162 0.1888 0.3793
0.0736 0.1094 0.0971 0.7199
0.0032 0.7919 0.0046 0.2003
0.9841 0.0052 0.0052 0.0055
0.0660 0.0385 0.7762 0.1193
0.0905 0.0104 0.0104 0.8886
0.1427 0.3258 0.0917 0.4398
0.1599 0.2248 0.3708 0.2445
0.2387 0.2702 0.2725 0.2186
0.2755 0.2688 0.1940 0.2617
0.2859 0.2127 0.2080 0.2933
0.2464 0.1578 0.2150 0.3808
0.1707 0.2965 0.1642 0.3686
0.1789 0.3319 0.2459 0.2434
0.3688 0.1226 0.3652 0.1434
0.3536 0.1509 0.3367 0.1589
0.3100 0.3720 0.1331 0.1849
0.2383 0.3332 0.1806 0.2479
0.1557 0.2328 0.3381 0.2734
0.0711 0.3124 0.1305 0.4860
0.1035 0.4769 0.2330 0.1866
0.2618 0.2008 0.4321 0.1053
0.3963 0.2036 0.1785 0.2216
0.2894 0.2886 0.2492 0.1728
0.1649 0.3474 0.3575 0.1302
0.2370 0.3305 0.2787 0.1538
0.2742 0.1436 0.4823 0.0999
0.3593 0.1322 0.2387 0.2698
0.2898 0.1853 0.2951 0.2297
0.3030 0.4875 0.0589 0.1506
0.3840 0.0546 0.4819 0.0796
0.1030 0.2874 0.5378 0.0719
0.5116 0.0552 0.0881 0.3452
0.1979 0.3438 0.1002 0.3581
0.1251 0.3521 0.4127 0.1101
0.2016 0.2156 0.2729 0.3099
0.2595 0.2747 0.2612 0.2045
0.2606 0.2644 0.2121 0.2629
0.2680 0.2542 0.2321 0.2457
0.2600 0.2545 0.2198 0.2657
0.2464 0.2549 0.2609 0.2379
0.2485 0.2638 0.2523 0.2355
0.2578 0.2601 0.2530 0.2290
0.2649 0.2370 0.2702 0.2280
