0.2508 0.2748 0.2584 0.2159
0.2478 0.2694 0.2606 0.2221
0.2559 0.2735 0.2494 0.2212
0.2647 0.2441 0.2341 0.2572
0.2701 0.2358 0.2595 0.2346
0.2014 0.3167 0.2071 0.2747
0.1908 0.2932 0.3159 0.2001
0.2017 0.1684 0.4696 0.1604
0.1370 0.2377 0.2472 0.3781
0.0051 0.8038 0.0080 0.1831
0.9471 0.0045 0.0407 0.0078
0.0726 0.3113 0.4873 0.1287
0.3617 0.1079 0.0419 0.4885
0.1909 0.3484 0.2421 0.2186
0.1931 0.2342 0.2519 0.3208
0.2375 0.2184 0.2703 0.2737
0.2756 0.2485 0.2340 0.2419
0.2620 0.2473 0.2285 0.2622
0.2647 0.2481 0.2174 0.2698
0.2399 0.2553 0.2174 0.2874
0.2471 0.2418 0.2460 0.2652
0.2729 0.1960 0.2668 0.2644
0.2370 0.2445 0.2790 0.2395
0.2334 0.2946 0.2330 0.2391
0.2613 0.2425 0.2458 0.2504
0.1958 0.2700 0.2580 0.2762
0.1712 0.3172 0.2084 0.3031
0.2071 0.2877 0.2833 0.2219
0.2433 0.2464 0.2744 0.2359
0.2829 0.2302 0.2326 0.2542
0.2546 0.2325 0.2616 0.2513
0.2409 0.2763 0.2697 0.2132
0.2869 0.1999 0.2944 0.2188
0.3059 0.1624 0.3269 0.2048
0.2746 0.1870 0.2807 0.2577
0.2431 0.2584 0.2325 0.2661
0.2775 0.2553 0.2358 0.2313
0.2787 0.1991 0.3312 0.1910
0.2371 0.2437 0.3289 0.1903
0.3144 0.1975 0.2402 0.2479
0.2241 0.2756 0.2484 0.2518
0.2292 0.2614 0.2685 0.2408
0.2534 0.2465 0.2588 0.2412
0.2685 0.2304 0.2438 0.2573
0.2905 0.1974 0.2198 0.2923
0.2693 0.2083 0.2010 0.3214
0.2596 0.1980 0.2175 0.3249
0.2397 0.2232 0.2129 0.3242
0.2497 0.2237 0.2264 0.3003
0.2451 0.2111 0.2484 0.2954
0.2490 0.2272 0.2561 0.2677
