0.2291 0.2629 0.2584 0.2496
0.2237 0.2501 0.2791 0.2471
0.2301 0.2529 0.2804 0.2366
0.2590 0.2635 0.2450 0.2324
0.2649 0.2825 0.2171 0.2355
0.2458 0.2730 0.2134 0.2679
0.2485 0.3588 0.1941 0.1986
0.2309 0.1643 0.3173 0.2875
0.1251 0.3129 0.2235 0.3385
0.0813 0.3445 0.0918 0.4824
0.3594 0.1557 0.4375 0.0474
0.3571 0.1639 0.0967 0.3822
0.2368 0.3234 0.2374 0.2024
0.3452 0.1269 0.2224 0.3055
0.2260 0.2251 0.2426 0.3063
0.2129 0.2370 0.1911 0.3589
0.2523 0.2337 0.2411 0.2730
0.2607 0.2106 0.2522 0.2766
0.2398 0.2630 0.2066 0.2905
0.2447 0.2570 0.2182 0.2802
0.2450 0.2438 0.2490 0.2623
0.2567 0.2605 0.2304 0.2523
0.2605 0.2553 0.2396 0.2446
0.2623 0.2481 0.2547 0.2349
0.2538 0.2601 0.2619 0.2241
0.2192 0.2974 0.2184 0.2650
0.2019 0.3174 0.2510 0.2296
0.1947 0.2796 0.2909 0.2347
0.2341 0.2839 0.2424 0.2396
0.2324 0.2690 0.2591 0.2396
0.2550 0.2572 0.2603 0.2275
0.2591 0.2440 0.2950 0.2019
0.2806 0.2361 0.2969 0.1864
0.2854 0.2071 0.3009 0.2066
0.2566 0.2365 0.2868 0.2201
0.2646 0.2427 0.2574 0.2354
0.2829 0.2193 0.3212 0.1766
0.2617 0.2609 0.2977 0.1797
0.3174 0.2135 0.2730 0.1961
0.2541 0.2629 0.2848 0.1982
0.2772 0.2231 0.2862 0.2134
0.2381 0.2755 0.2432 0.2431
0.2566 0.2479 0.2640 0.2315
0.2415 0.2548 0.2367 0.2670
0.2577 0.2424 0.2418 0.2580
0.2624 0.2347 0.2312 0.2717
0.2553 0.2323 0.2232 0.2892
0.2586 0.2444 0.2248 0.2721
0.2476 0.2385 0.2502 0.2637
0.2550 0.2405 0.2415 0.2630
0.2582 0.2419 0.2407 0.2592
