0.2051 0.2882 0.2298 0.2768
0.2176 0.2784 0.2413 0.2627
0.2252 0.2590 0.2377 0.2781
0.2028 0.2791 0.2447 0.2735
0.1938 0.2924 0.2269 0.2869
0.2106 0.2670 0.1872 0.3351
0.1873 0.3654 0.1729 0.2745
0.1500 0.2298 0.2397 0.3805
0.0990 0.2922 0.1936 0.4151
0.0935 0.3041 0.0755 0.5268
0.2550 0.2550 0.4529 0.0372
0.2377 0.1990 0.0641 0.4992
0.1990 0.2816 0.1773 0.3420
0.2078 0.2065 0.1622 0.4235
0.1793 0.2788 0.1622 0.3796
0.1931 0.2715 0.1802 0.3552
0.2042 0.2816 0.2586 0.2557
0.2186 0.2916 0.2249 0.2649
0.2207 0.2967 0.2213 0.2612
0.2328 0.2506 0.2517 0.2649
0.2313 0.2810 0.2427 0.2450
0.2595 0.2613 0.2390 0.2402
0.2388 0.2528 0.2806 0.2278
0.2582 0.2485 0.2728 0.2205
0.2546 0.2689 0.2599 0.2167
0.2371 0.2824 0.2626 0.2178
0.2566 0.2852 0.2510 0.2072
0.2608 0.2585 0.2631 0.2175
0.2757 0.2418 0.2882 0.1943
0.2920 0.2441 0.2739 0.1900
0.2866 0.2437 0.2693 0.2004
0.3190 0.2227 0.2773 0.1810
0.3073 0.2198 0.3018 0.1711
0.3199 0.2165 0.2886 0.1750
0.3188 0.1980 0.3075 0.1757
0.3090 0.2050 0.3063 0.1798
0.3155 0.2173 0.2997 0.1675
0.3286 0.2029 0.2859 0.1826
0.3192 0.2107 0.3063 0.1637
0.3039 0.2144 0.3077 0.1739
0.2997 0.2316 0.2894 0.1793
0.2947 0.2269 0.2799 0.1985
0.2723 0.2356 0.2843 0.2078
0.2625 0.2411 0.2820 0.2144
0.2710 0.2400 0.2730 0.2160
0.2983 0.2265 0.2621 0.2131
0.3016 0.2133 0.2686 0.2165
0.2898 0.2229 0.2674 0.2200
0.2791 0.2318 0.2763 0.2128
0.2875 0.2276 0.2641 0.2207
0.2777 0.2219 0.2781 0.2222
