0.1958 0.3054 0.1689 0.3298
0.1354 0.3150 0.2351 0.3144
0.1291 0.3455 0.1947 0.3306
0.1512 0.3008 0.1812 0.3668
0.1578 0.2336 0.2476 0.3610
0.1963 0.3075 0.2397 0.2565
0.2032 0.2794 0.2501 0.2673
0.0993 0.4457 0.1828 0.2722
0.0532 0.2071 0.0781 0.6616
0.0054 0.9312 0.0033 0.0601
0.9927 0.0019 0.0033 0.0021
0.0158 0.2951 0.6038 0.0853
0.3071 0.0273 0.0090 0.6566
0.0763 0.3723 0.2662 0.2852
0.2022 0.2907 0.1877 0.3194
0.1928 0.3637 0.2089 0.2347
0.2813 0.2561 0.2148 0.2478
0.1944 0.2790 0.2612 0.2654
0.2219 0.2800 0.1971 0.3010
0.2072 0.2521 0.2727 0.2680
0.2683 0.2770 0.2030 0.2517
0.3594 0.1618 0.2860 0.1928
0.2348 0.1356 0.4768 0.1528
0.2655 0.3927 0.1735 0.1683
0.2481 0.3153 0.1863 0.2502
0.2425 0.1723 0.3014 0.2839
0.1570 0.3269 0.2397 0.2765
0.2549 0.2650 0.2509 0.2292
0.2822 0.1740 0.3959 0.1480
0.3732 0.2658 0.2117 0.1494
0.3674 0.2064 0.2461 0.1801
0.1967 0.2206 0.4420 0.1407
0.3002 0.1979 0.2853 0.2166
0.3831 0.1500 0.2952 0.1717
0.3441 0.1061 0.3824 0.1674
0.2454 0.3001 0.3732 0.0813
0.4547 0.2897 0.0617 0.1939
0.3353 0.0214 0.5172 0.1261
0.0257 0.3356 0.5955 0.0432
0.5220 0.2413 0.0464 0.1902
0.2056 0.1096 0.3560 0.3288
0.0655 0.3126 0.4624 0.1594
0.2208 0.2618 0.1911 0.3263
0.3033 0.1887 0.2528 0.2551
0.2360 0.1937 0.2846 0.2857
0.2154 0.2659 0.2928 0.2259
0.2820 0.2059 0.2682 0.2440
0.2327 0.1772 0.3230 0.2671
0.1915 0.2853 0.2442 0.2790
0.2076 0.1986 0.2377 0.3561
0.1915 0.2387 0.3166 0.2532
