0.3580 0.1406 0.1900 0.3114
0.1858 0.2571 0.2145 0.3426
0.2040 0.2338 0.1850 0.3773
0.1561 0.2689 0.2861 0.2890
0.2079 0.3032 0.2893 0.1996
0.3530 0.2673 0.2350 0.1448
0.3640 0.1113 0.2988 0.2259
0.2504 0.2181 0.1065 0.4250
0.0674 0.0190 0.0473 0.8662
0.0025 0.8576 0.0046 0.1354
0.9929 0.0024 0.0023 0.0024
0.0174 0.0100 0.8591 0.1135
0.0073 0.0030 0.0029 0.9867
0.0627 0.3438 0.0213 0.5722
0.0865 0.1443 0.5424 0.2269
0.2600 0.3773 0.1845 0.1781
0.2627 0.2368 0.2286 0.2719
0.2845 0.1655 0.2131 0.3368
0.1806 0.1147 0.2585 0.4462
0.1081 0.3102 0.1815 0.4001
0.1329 0.4111 0.2379 0.2181
0.3916 0.0658 0.4307 0.1119
0.3951 0.1333 0.3658 0.1058
0.3378 0.3794 0.1082 0.1745
0.2097 0.4942 0.0642 0.2319
0.0967 0.1408 0.4620 0.3005
0.0257 0.3413 0.0750 0.5581
0.0349 0.6244 0.2046 0.1361
0.2997 0.1115 0.5454 0.0434
0.4849 0.1654 0.1193 0.2304
0.2963 0.3241 0.2975 0.0821
0.1307 0.4354 0.3667 0.0671
0.1883 0.3692 0.3199 0.1226
0.2040 0.1636 0.5630 0.0694
0.4017 0.0834 0.1929 0.3220
0.2494 0.1497 0.3383 0.2625
0.2989 0.5863 0.0153 0.0995
0.4432 0.0103 0.5135 0.0330
0.0720 0.4562 0.4504 0.0213
0.6068 0.0157 0.0449 0.3326
0.3052 0.0735 0.0663 0.5550
0.0230 0.8184 0.0454 0.1131
0.2437 0.0297 0.6270 0.0996
0.3087 0.3206 0.1318 0.2389
0.3986 0.1933 0.2161 0.1919
0.3399 0.2252 0.2188 0.2161
0.3051 0.2359 0.2282 0.2308
0.1773 0.2744 0.2888 0.2595
0.2602 0.2921 0.2510 0.1967
0.2730 0.2341 0.2720 0.2209
0.2937 0.2072 0.2893 0.2098
