0.2472 0.2645 0.2496 0.2386
0.2422 0.2557 0.2572 0.2449
0.2422 0.2571 0.2578 0.2428
0.2544 0.2557 0.2417 0.2482
0.2630 0.2553 0.2462 0.2356
0.2375 0.2857 0.2215 0.2553
0.2477 0.2938 0.2472 0.2114
0.2191 0.1826 0.3385 0.2598
0.1193 0.2308 0.1999 0.4499
0.0285 0.6520 0.0318 0.2878
0.7537 0.0571 0.1674 0.0218
0.1576 0.1759 0.4656 0.2009
0.2443 0.1524 0.1006 0.5027
0.2352 0.2729 0.1934 0.2985
0.1962 0.2292 0.2862 0.2883
0.2282 0.2416 0.2413 0.2889
0.2681 0.2491 0.2254 0.2574
0.2684 0.2256 0.2319 0.2740
0.2530 0.2282 0.2130 0.3057
0.2255 0.2664 0.2011 0.3070
0.2288 0.2678 0.2444 0.2591
0.2889 0.1955 0.2864 0.2292
0.2689 0.2220 0.2858 0.2232
0.2589 0.3024 0.2118 0.2269
0.2535 0.2731 0.2323 0.2411
0.1940 0.2667 0.2711 0.2683
0.1567 0.3210 0.2004 0.3219
0.1760 0.3320 0.2748 0.2172
0.2428 0.2484 0.3078 0.2010
0.2915 0.2378 0.2312 0.2395
0.2603 0.2575 0.2570 0.2252
0.2281 0.2882 0.2957 0.1880
0.2736 0.2409 0.2944 0.1911
0.2915 0.1716 0.3601 0.1768
0.2849 0.1903 0.2788 0.2460
0.2625 0.2406 0.2533 0.2436
0.2948 0.3011 0.2104 0.1936
0.3053 0.1766 0.3595 0.1587
0.2256 0.2501 0.3661 0.1582
0.3475 0.1799 0.2150 0.2577
0.2370 0.2777 0.2176 0.2678
0.2035 0.2915 0.3000 0.2050
0.2432 0.2407 0.2637 0.2524
0.2574 0.2544 0.2416 0.2466
0.2690 0.2365 0.2280 0.2665
0.2652 0.2328 0.2208 0.2812
0.2567 0.2271 0.2212 0.2949
0.2478 0.2397 0.2305 0.2820
0.2493 0.2399 0.2406 0.2702
0.2521 0.2324 0.2488 0.2668
0.2562 0.2390 0.2515 0.2532
