0.2829 0.2221 0.3020 0.1930
0.2876 0.2252 0.2905 0.1968
0.2983 0.2154 0.2868 0.1995
0.2884 0.2248 0.2873 0.1995
0.2958 0.2327 0.2865 0.1850
0.3128 0.2028 0.2640 0.2204
0.3174 0.2514 0.2731 0.1580
0.3130 0.1478 0.3773 0.1619
0.2499 0.2351 0.3621 0.1530
0.1411 0.3018 0.2426 0.3145
0.4290 0.0987 0.3762 0.0961
0.3487 0.1846 0.2247 0.2420
0.3289 0.2197 0.2757 0.1756
0.3588 0.2187 0.1996 0.2229
0.2908 0.2095 0.2453 0.2544
0.2540 0.2402 0.2320 0.2738
0.2494 0.2658 0.2169 0.2679
0.2457 0.2597 0.2311 0.2635
0.2335 0.2573 0.2510 0.2582
0.2351 0.2848 0.2393 0.2408
0.2434 0.2694 0.2292 0.2581
0.2502 0.2628 0.2336 0.2534
0.2509 0.2626 0.2347 0.2518
0.2513 0.2425 0.2583 0.2479
0.2474 0.2539 0.2556 0.2432
0.2125 0.3068 0.2166 0.2641
0.2078 0.2862 0.2331 0.2729
0.1940 0.2882 0.2665 0.2513
0.2118 0.2894 0.2192 0.2796
0.2305 0.2626 0.2366 0.2703
0.2214 0.2594 0.2564 0.2628
0.2309 0.2865 0.2288 0.2539
0.2459 0.2406 0.2374 0.2761
0.2286 0.2421 0.2705 0.2588
0.2034 0.2775 0.2391 0.2801
0.2182 0.2486 0.2386 0.2947
0.2138 0.2568 0.2671 0.2622
0.2350 0.2695 0.2246 0.2710
0.2439 0.2453 0.2474 0.2634
0.2286 0.2503 0.2693 0.2518
0.2255 0.2767 0.2284 0.2694
0.2296 0.2541 0.2197 0.2965
0.2093 0.2600 0.2521 0.2786
0.2006 0.2837 0.2145 0.3012
0.2178 0.2654 0.2177 0.2991
0.2085 0.2633 0.2198 0.3083
0.2086 0.2836 0.2112 0.2967
0.2253 0.2621 0.2040 0.3086
0.2257 0.2745 0.2221 0.2778
0.2223 0.2726 0.2252 0.2799
0.2359 0.2578 0.2284 0.2778
