0.2147 0.2794 0.2368 0.2691
0.2178 0.2589 0.2587 0.2646
0.2165 0.2657 0.2571 0.2608
0.2239 0.2740 0.2371 0.2651
0.2365 0.2492 0.2510 0.2633
0.2313 0.2725 0.2313 0.2650
0.2426 0.2825 0.2146 0.2604
0.1782 0.2797 0.2567 0.2854
0.1124 0.2563 0.2023 0.4290
0.0345 0.7176 0.0368 0.2111
0.9072 0.0064 0.0741 0.0123
0.0922 0.2337 0.5035 0.1705
0.3985 0.0946 0.0632 0.4436
0.1988 0.2925 0.2474 0.2613
0.2241 0.2468 0.2113 0.3178
0.2178 0.2924 0.2208 0.2690
0.2531 0.2319 0.2478 0.2671
0.2446 0.2511 0.2671 0.2372
0.2285 0.2718 0.2413 0.2584
0.2333 0.2603 0.2451 0.2613
0.2411 0.2459 0.2548 0.2581
0.2631 0.2337 0.2624 0.2408
0.2557 0.2210 0.3111 0.2121
0.2339 0.2820 0.2648 0.2193
0.2453 0.2808 0.2325 0.2414
0.2202 0.2562 0.2588 0.2648
0.2191 0.2750 0.2504 0.2555
0.2125 0.2709 0.2780 0.2386
0.2395 0.2412 0.2838 0.2356
0.2512 0.2588 0.2543 0.2357
0.2642 0.2537 0.2580 0.2242
0.2502 0.2386 0.2988 0.2124
0.2641 0.2262 0.2909 0.2189
0.2785 0.1961 0.3132 0.2122
0.2742 0.2033 0.3079 0.2147
0.2665 0.2504 0.2676 0.2156
0.2885 0.2296 0.2583 0.2236
0.2722 0.2100 0.3340 0.1838
0.2506 0.2402 0.3222 0.1870
0.2886 0.2328 0.2577 0.2209
0.2469 0.2289 0.2729 0.2513
0.2080 0.2652 0.2812 0.2456
0.2197 0.2611 0.2510 0.2682
0.2251 0.2493 0.2556 0.2700
0.2216 0.2511 0.2443 0.2830
0.2245 0.2501 0.2477 0.2777
0.2398 0.2411 0.2479 0.2712
0.2239 0.2496 0.2534 0.2731
0.2316 0.2484 0.2439 0.2761
0.2274 0.2458 0.2583 0.2685
0.2316 0.2436 0.2527 0.2721
