0.2460 0.1512 0.2056 0.3972
0.1329 0.2289 0.1564 0.4818
0.1090 0.3048 0.1996 0.3865
0.1888 0.4038 0.1958 0.2115
0.2880 0.2362 0.3439 0.1319
0.2702 0.1862 0.3806 0.1631
0.2077 0.1069 0.1767 0.5088
0.0588 0.1830 0.0108 0.7475
0.0027 0.0457 0.0163 0.9352
0.0025 0.8827 0.0025 0.1124
0.9932 0.0023 0.0023 0.0023
0.0032 0.0083 0.9449 0.0435
0.0095 0.0026 0.0027 0.9852
0.0100 0.1957 0.0139 0.7804
0.0836 0.2374 0.4421 0.2369
0.3118 0.3016 0.2794 0.1072
0.3104 0.2095 0.2318 0.2483
0.2620 0.2406 0.1021 0.3953
0.1928 0.0614 0.2178 0.5279
0.0858 0.2989 0.1390 0.4763
0.1342 0.3618 0.2495 0.2544
0.3951 0.1376 0.3767 0.0906
0.4549 0.1085 0.3612 0.0754
0.4094 0.4014 0.0815 0.1077
0.2544 0.4473 0.1271 0.1711
0.1162 0.1317 0.5465 0.2057
0.0546 0.4852 0.0355 0.4248
0.1191 0.4138 0.3208 0.1463
0.3199 0.2560 0.3211 0.1030
0.4107 0.1370 0.2040 0.2483
0.2119 0.3732 0.3342 0.0808
0.1782 0.4174 0.3133 0.0912
0.2353 0.3037 0.3482 0.1128
0.3105 0.1540 0.4517 0.0838
0.3026 0.0738 0.3417 0.2819
0.2526 0.2280 0.3358 0.1836
0.3305 0.5016 0.0279 0.1400
0.3586 0.0592 0.5312 0.0510
0.0557 0.3200 0.5948 0.0295
0.6646 0.0389 0.0292 0.2673
0.2150 0.6368 0.0259 0.1223
0.1823 0.0621 0.7037 0.0519
0.1868 0.4617 0.0758 0.2756
0.4335 0.1007 0.2984 0.1675
0.3148 0.3005 0.1939 0.1909
0.3680 0.2938 0.1247 0.2134
0.3472 0.1898 0.2557 0.2073
0.2742 0.3847 0.1700 0.1712
0.2806 0.1612 0.3773 0.1809
0.3168 0.3801 0.1564 0.1468
0.3057 0.1154 0.3768 0.2021
