0.2319 0.2644 0.2567 0.2469
0.2414 0.2533 0.2658 0.2395
0.2426 0.2487 0.2643 0.2443
0.2392 0.2589 0.2562 0.2456
0.2447 0.2547 0.2581 0.2425
0.2505 0.2530 0.2282 0.2684
0.2504 0.2941 0.2207 0.2348
0.2110 0.2270 0.2877 0.2744
0.1486 0.2679 0.2473 0.3361
0.0819 0.4714 0.1077 0.3390
0.6468 0.0687 0.2433 0.0412
0.2193 0.2150 0.2866 0.2791
0.3423 0.1699 0.1525 0.3353
0.2518 0.2515 0.2142 0.2825
0.2344 0.2429 0.2092 0.3134
0.2221 0.2684 0.2161 0.2934
0.2377 0.2540 0.2427 0.2657
0.2390 0.2637 0.2456 0.2517
0.2277 0.2719 0.2418 0.2586
0.2348 0.2678 0.2428 0.2546
0.2404 0.2601 0.2449 0.2546
0.2564 0.2493 0.2488 0.2455
0.2496 0.2452 0.2744 0.2308
0.2444 0.2581 0.2667 0.2308
0.2470 0.2701 0.2468 0.2361
0.2214 0.2823 0.2408 0.2554
0.2266 0.2779 0.2467 0.2487
0.2183 0.2711 0.2709 0.2396
0.2391 0.2579 0.2595 0.2434
0.2512 0.2536 0.2563 0.2389
0.2531 0.2539 0.2608 0.2322
0.2663 0.2512 0.2632 0.2193
0.2698 0.2279 0.2788 0.2235
0.2726 0.2139 0.2958 0.2177
0.2627 0.2277 0.2830 0.2266
0.2640 0.2355 0.2656 0.2350
0.2684 0.2312 0.2778 0.2226
0.2749 0.2292 0.2825 0.2134
0.2709 0.2305 0.2910 0.2076
0.2676 0.2329 0.2816 0.2180
0.2544 0.2463 0.2597 0.2397
0.2393 0.2486 0.2618 0.2504
0.2286 0.2561 0.2611 0.2542
0.2253 0.2617 0.2470 0.2661
0.2321 0.2541 0.2424 0.2715
0.2355 0.2490 0.2428 0.2728
0.2451 0.2482 0.2415 0.2652
0.2400 0.2473 0.2401 0.2726
0.2427 0.2510 0.2446 0.2616
0.2399 0.2511 0.2501 0.2588
0.2441 0.2446 0.2506 0.2607
