0.3228 0.2650 0.1986 0.2137
0.2827 0.2829 0.2218 0.2126
0.2634 0.2753 0.2067 0.2546
0.3114 0.1902 0.2437 0.2547
0.2671 0.2930 0.2235 0.2164
0.2794 0.2987 0.2313 0.1906
0.3160 0.2537 0.2517 0.1787
0.2016 0.2029 0.1424 0.4531
0.0715 0.0628 0.0595 0.8062
0.0025 0.8577 0.0025 0.1374
0.9932 0.0022 0.0025 0.0022
0.0446 0.0204 0.8242 0.1108
0.0971 0.0031 0.0028 0.8970
0.0593 0.3756 0.0536 0.5115
0.1975 0.2088 0.3608 0.2329
0.2672 0.2388 0.2814 0.2125
0.2511 0.2880 0.1440 0.3170
0.2720 0.2523 0.1931 0.2826
0.2714 0.1584 0.2234 0.3468
0.1579 0.3325 0.1690 0.3407
0.1471 0.3701 0.2724 0.2104
0.4963 0.1073 0.3368 0.0596
0.5129 0.0965 0.3274 0.0632
0.4402 0.3377 0.0904 0.1317
0.1916 0.3779 0.1341 0.2964
0.1303 0.2077 0.2764 0.3857
0.0306 0.1958 0.1200 0.6535
0.0576 0.6320 0.1284 0.1820
0.2548 0.2028 0.4804 0.0621
0.5092 0.1895 0.0971 0.2042
0.3869 0.1660 0.2732 0.1739
0.1013 0.3818 0.4254 0.0915
0.1870 0.4777 0.2281 0.1072
0.3327 0.1350 0.4789 0.0533
0.5053 0.0823 0.1457 0.2668
0.3805 0.0368 0.3429 0.2399
0.1348 0.7555 0.0068 0.1029
0.3067 0.0049 0.6820 0.0064
0.0714 0.1092 0.8106 0.0087
0.6998 0.0059 0.0074 0.2869
0.0271 0.7723 0.0197 0.1809
0.0997 0.0046 0.8820 0.0138
0.0286 0.2923 0.0142 0.6649
0.1349 0.1441 0.5812 0.1398
0.1653 0.2385 0.1080 0.4882
0.1812 0.2286 0.2687 0.3214
0.1848 0.2985 0.1985 0.3182
0.2431 0.2128 0.2920 0.2520
0.1834 0.3225 0.2659 0.2282
0.2015 0.3005 0.2553 0.2427
0.1773 0.2217 0.3398 0.2611
