0.2412 0.2952 0.2244 0.2392
0.2099 0.2726 0.2378 0.2797
0.2538 0.2417 0.2231 0.2814
0.2032 0.2978 0.2506 0.2484
0.1894 0.3433 0.1823 0.2851
0.2368 0.2318 0.1626 0.3688
0.1806 0.4327 0.1379 0.2488
0.1337 0.2386 0.1961 0.4316
0.0792 0.2111 0.1885 0.5212
0.0638 0.3554 0.0477 0.5331
0.0328 0.7716 0.1855 0.0102
0.0160 0.1132 0.0035 0.8672
0.0099 0.4861 0.0573 0.4467
0.0803 0.1562 0.0384 0.7251
0.0586 0.3268 0.1051 0.5096
0.1135 0.3203 0.1455 0.4208
0.1708 0.3579 0.2261 0.2452
0.1851 0.2880 0.2190 0.3079
0.1835 0.3501 0.2119 0.2545
0.1903 0.2687 0.2320 0.3089
0.1998 0.2956 0.2516 0.2530
0.2625 0.2916 0.2165 0.2294
0.2471 0.2526 0.3015 0.1988
0.2440 0.2379 0.3340 0.1841
0.2884 0.2594 0.2558 0.1963
0.2504 0.2801 0.2846 0.1849
0.2843 0.2862 0.2470 0.1825
0.2897 0.2823 0.2472 0.1809
0.2862 0.2441 0.3284 0.1413
0.3470 0.2357 0.2733 0.1440
0.3372 0.2102 0.2708 0.1817
0.3194 0.2027 0.3280 0.1498
0.3354 0.2069 0.3270 0.1306
0.3616 0.1982 0.2993 0.1409
0.3689 0.1481 0.3337 0.1494
0.3359 0.1603 0.3756 0.1282
0.3740 0.2142 0.2806 0.1312
0.3777 0.1837 0.2960 0.1426
0.3312 0.1773 0.3608 0.1306
0.3441 0.1751 0.3343 0.1465
0.3430 0.2112 0.3232 0.1227
0.3452 0.1963 0.2740 0.1845
0.3021 0.1882 0.3357 0.1740
0.2845 0.1876 0.3524 0.1755
0.2817 0.2125 0.3296 0.1762
0.3703 0.1873 0.2830 0.1594
0.3305 0.1651 0.3054 0.1990
0.3201 0.1892 0.3176 0.1731
0.3221 0.1922 0.3324 0.1534
0.3583 0.1855 0.2984 0.1578
0.3129 0.1720 0.3021 0.2130
